CKM: 0.97428 0.22530 0.003470 0.22520 0.97345 0.041000 0.00862 0.04030 0.999152
Comments: LO baseline for small-x res
DAMP: 0
EScaleVar: 1
FNS: FFNS
GF: 1.1663787e-05
HQ: POLE
IC: 0
ID: 22
MP: 0.938
MW: 80.398
MZ: 91.1876
MaxNfAs: 3
MaxNfPdf: 3
ModEv: EXA
NfFF: 3
PTO: 0
Q0: 1.275
QED: 0
Qedref: 1.777
Qmb: 4.18
Qmc: 1.275
Qmt: 173.07
Qref: 91.2
SIN2TW: 0.23126
SxOrd: LL
SxRes: 0
TMC: 0
XIF: 1.0
XIR: 1.0
_modify_time: '2020-05-08 17:55:04.853875'
alphaqed: 0.007496251999999999
alphas: 0.11800000000000001
global_nx: 0
kbThr: 1.0
kcThr: 1.0
ktThr: 1.0
mb: 4.18
mc: 1.275
mt: 173.07
