# Theory
ID: 22
PTO: 0
FNS: "FFNS"
DAMP: 0
IC: 0
ModEv: "EXA"
XIR: 1.0
XIF: 1.0
NfFF: 3
MaxNfAs: 6
MaxNfPdf: 6
Q0: 1
alphas: 0.11800000000000001
Qref: 91.2
QED: 0
alphaqed: 0.007496251999999999
Qedref: 1.777
SxRes: 0
SxOrd: "LL"
HQ: "POLE"
mc: 2
Qmc: 2
kcThr: 1.0
mb: 4
Qmb: 4
kbThr: 1.0
mt: 173.07
Qmt: 173.07
ktThr: 1.0
CKM: "0.97428 0.22530 0.003470 0.22520 0.97345 0.041000 0.00862 0.04030 0.999152"
MZ: 91.1876
MW: 80.398
GF: 1.1663787e-05
SIN2TW: 0.23126
TMC: 0
MP: 0.938
Comments: "LO baseline for small-x res"
global_nx: 0
EScaleVar: 1
