CKM: 0.97428 0.22530 0.003470 0.22520 0.97345 0.041000 0.00862 0.04030 0.999152
Comments: NNPDF4.0 NNLO alphas=0.118
DAMP: 0
EScaleVar: 1
FNS: FONLL-B
GF: 1.1663787e-05
HQ: POLE
IC: 1
IB: 0
ID: 163
MP: 0.938
MW: 80.398
MZ: 91.1876
MaxNfAs: 5
MaxNfPdf: 5
ModEv: TRN
NfFF: 4
PTO: 1
Q0: 1.65
QED: 0
Qmb: 4.92
Qmc: 1.51
Qmt: 172.5
Qref: 91.2
SIN2TW: 0.23126
SxOrd: LL
SxRes: 0
TMC: 1
XIF: 1.0
XIR: 1.0
alphaqed: 0.007496252
alphas: 0.118
global_nx: 0
kbThr: 4.0
kcThr: 1.0
ktThr: 1.0
mb: 4.92
mc: 1.51
mt: 172.5
nfref: null
nf0: null
kDISbThr: 4.0
kDIScThr: 1.0
kDIStThr: 1.0
